15.26	14.84	0.871	5.763	3.312	2.221	5.22	1
14.88	14.57	0.8811	5.554	3.333	1.018	4.956	1
14.29	14.09	0.905	5.291	3.337	2.699	4.825	1
13.84	13.94	0.8955	5.324	3.379	2.259	4.805	1
16.14	14.99	0.9034	5.658	3.562	1.355	5.175	1
15.38	14.66	0.899	5.477	3.465	3.6		5.439	2
17.36	15.76	0.8785	6.145	3.574	3.526	5.971	2
15.57	15.15	0.8527	5.92	3.231	2.64	5.879	2
15.6	15.11	0.858	5.832	3.286	2.725	5.752	2
16.23	15.18	0.885	5.872	3.472	3.769	5.922	2
13.07	13.92	0.848	5.472	2.994	5.304	5.395	3
13.32	13.94	0.8613	5.541	3.073	7.035	5.44	3
13.34	13.95	0.862	5.389	3.074	5.995	5.307	3
12.22	13.32	0.8652	5.224	2.967	5.469	5.221	3
11.82	13.4	0.8274	5.314	2.777	4.471	5.178	3