17.360000 15.760000 0.878500 6.145000 3.574000 3.526000 5.971000 2
13.840000 13.940000 0.895500 5.324000 3.379000 2.259000 4.805000 1
13.340000 13.950000 0.862000 5.389000 3.074000 5.995000 5.307000 3
14.880000 14.570000 0.881100 5.554000 3.333000 1.018000 4.956000 1
16.230000 15.180000 0.885000 5.872000 3.472000 3.769000 5.922000 2
14.290000 14.090000 0.905000 5.291000 3.337000 2.699000 4.825000 1
13.070000 13.920000 0.848000 5.472000 2.994000 5.304000 5.395000 3
15.380000 14.660000 0.899000 5.477000 3.465000 3.600000 5.439000 2
15.600000 15.110000 0.858000 5.832000 3.286000 2.725000 5.752000 2
15.260000 14.840000 0.871000 5.763000 3.312000 2.221000 5.220000 1
13.320000 13.940000 0.861300 5.541000 3.073000 7.035000 5.440000 3
15.570000 15.150000 0.852700 5.920000 3.231000 2.640000 5.879000 2
12.220000 13.320000 0.865200 5.224000 2.967000 5.469000 5.221000 3
11.820000 13.400000 0.827400 5.314000 2.777000 4.471000 5.178000 3
16.140000 14.990000 0.903400 5.658000 3.562000 1.355000 5.175000 1
